Time 0
Waiting tasks: [(5, 2, 3), (20, 2, 3), (16, 3, 3), (49, 4, 6), (29, 6, 3), (6, 7, 6), (18, 7, 4), (37, 8, 3), (31, 9, 2), (8, 11, 4), (25, 11, 2), (38, 11, 2), (14, 13, 3), (33, 14, 1), (7, 16, 2), (47, 16, 2), (22, 17, 6), (26, 17, 1), (28, 17, 5), (34, 17, 4), (35, 18, 2), (17, 21, 6), (24, 21, 4), (9, 22, 4), (15, 22, 2), (2, 23, 1), (45, 23, 5), (10, 24, 4), (27, 24, 1), (32, 25, 6), (43, 25, 5), (4, 26, 3), (11, 30, 5), (39, 31, 2), (41, 31, 4), (13, 32, 3), (1, 33, 2), (3, 33, 3), (12, 33, 3), (50, 33, 3), (48, 34, 5), (19, 35, 5), (42, 36, 5), (46, 37, 4), (40, 38, 1), (44, 38, 5), (21, 39, 2), (23, 39, 1), (30, 39, 1), (36, 39, 3)]
Queue 1: closed
Queue 2: closed
Queue 3: closed
Queue 4: closed
Queue 5: closed

Time 1
Waiting tasks: [(5, 2, 3), (20, 2, 3), (16, 3, 3), (49, 4, 6), (29, 6, 3), (6, 7, 6), (18, 7, 4), (37, 8, 3), (31, 9, 2), (8, 11, 4), (25, 11, 2), (38, 11, 2), (14, 13, 3), (33, 14, 1), (7, 16, 2), (47, 16, 2), (22, 17, 6), (26, 17, 1), (28, 17, 5), (34, 17, 4), (35, 18, 2), (17, 21, 6), (24, 21, 4), (9, 22, 4), (15, 22, 2), (2, 23, 1), (45, 23, 5), (10, 24, 4), (27, 24, 1), (32, 25, 6), (43, 25, 5), (4, 26, 3), (11, 30, 5), (39, 31, 2), (41, 31, 4), (13, 32, 3), (1, 33, 2), (3, 33, 3), (12, 33, 3), (50, 33, 3), (48, 34, 5), (19, 35, 5), (42, 36, 5), (46, 37, 4), (40, 38, 1), (44, 38, 5), (21, 39, 2), (23, 39, 1), (30, 39, 1), (36, 39, 3)]
Queue 1: closed
Queue 2: closed
Queue 3: closed
Queue 4: closed
Queue 5: closed

Time 2
Waiting tasks: [(16, 3, 3), (49, 4, 6), (29, 6, 3), (6, 7, 6), (18, 7, 4), (37, 8, 3), (31, 9, 2), (8, 11, 4), (25, 11, 2), (38, 11, 2), (14, 13, 3), (33, 14, 1), (7, 16, 2), (47, 16, 2), (22, 17, 6), (26, 17, 1), (28, 17, 5), (34, 17, 4), (35, 18, 2), (17, 21, 6), (24, 21, 4), (9, 22, 4), (15, 22, 2), (2, 23, 1), (45, 23, 5), (10, 24, 4), (27, 24, 1), (32, 25, 6), (43, 25, 5), (4, 26, 3), (11, 30, 5), (39, 31, 2), (41, 31, 4), (13, 32, 3), (1, 33, 2), (3, 33, 3), (12, 33, 3), (50, 33, 3), (48, 34, 5), (19, 35, 5), (42, 36, 5), (46, 37, 4), (40, 38, 1), (44, 38, 5), (21, 39, 2), (23, 39, 1), (30, 39, 1), (36, 39, 3)]
Queue 1: 3 [(5, 2, 3)]
Queue 2: 3 [(20, 2, 3)]
Queue 3: closed
Queue 4: closed
Queue 5: closed

Time 3
Waiting tasks: [(49, 4, 6), (29, 6, 3), (6, 7, 6), (18, 7, 4), (37, 8, 3), (31, 9, 2), (8, 11, 4), (25, 11, 2), (38, 11, 2), (14, 13, 3), (33, 14, 1), (7, 16, 2), (47, 16, 2), (22, 17, 6), (26, 17, 1), (28, 17, 5), (34, 17, 4), (35, 18, 2), (17, 21, 6), (24, 21, 4), (9, 22, 4), (15, 22, 2), (2, 23, 1), (45, 23, 5), (10, 24, 4), (27, 24, 1), (32, 25, 6), (43, 25, 5), (4, 26, 3), (11, 30, 5), (39, 31, 2), (41, 31, 4), (13, 32, 3), (1, 33, 2), (3, 33, 3), (12, 33, 3), (50, 33, 3), (48, 34, 5), (19, 35, 5), (42, 36, 5), (46, 37, 4), (40, 38, 1), (44, 38, 5), (21, 39, 2), (23, 39, 1), (30, 39, 1), (36, 39, 3)]
Queue 1: 2 [(5, 2, 2)]
Queue 2: 2 [(20, 2, 2)]
Queue 3: 3 [(16, 3, 3)]
Queue 4: closed
Queue 5: closed

Time 4
Waiting tasks: [(29, 6, 3), (6, 7, 6), (18, 7, 4), (37, 8, 3), (31, 9, 2), (8, 11, 4), (25, 11, 2), (38, 11, 2), (14, 13, 3), (33, 14, 1), (7, 16, 2), (47, 16, 2), (22, 17, 6), (26, 17, 1), (28, 17, 5), (34, 17, 4), (35, 18, 2), (17, 21, 6), (24, 21, 4), (9, 22, 4), (15, 22, 2), (2, 23, 1), (45, 23, 5), (10, 24, 4), (27, 24, 1), (32, 25, 6), (43, 25, 5), (4, 26, 3), (11, 30, 5), (39, 31, 2), (41, 31, 4), (13, 32, 3), (1, 33, 2), (3, 33, 3), (12, 33, 3), (50, 33, 3), (48, 34, 5), (19, 35, 5), (42, 36, 5), (46, 37, 4), (40, 38, 1), (44, 38, 5), (21, 39, 2), (23, 39, 1), (30, 39, 1), (36, 39, 3)]
Queue 1: 1 [(5, 2, 1)]
Queue 2: 1 [(20, 2, 1)]
Queue 3: 2 [(16, 3, 2)]
Queue 4: 6 [(49, 4, 6)]
Queue 5: closed

Time 5
Waiting tasks: [(29, 6, 3), (6, 7, 6), (18, 7, 4), (37, 8, 3), (31, 9, 2), (8, 11, 4), (25, 11, 2), (38, 11, 2), (14, 13, 3), (33, 14, 1), (7, 16, 2), (47, 16, 2), (22, 17, 6), (26, 17, 1), (28, 17, 5), (34, 17, 4), (35, 18, 2), (17, 21, 6), (24, 21, 4), (9, 22, 4), (15, 22, 2), (2, 23, 1), (45, 23, 5), (10, 24, 4), (27, 24, 1), (32, 25, 6), (43, 25, 5), (4, 26, 3), (11, 30, 5), (39, 31, 2), (41, 31, 4), (13, 32, 3), (1, 33, 2), (3, 33, 3), (12, 33, 3), (50, 33, 3), (48, 34, 5), (19, 35, 5), (42, 36, 5), (46, 37, 4), (40, 38, 1), (44, 38, 5), (21, 39, 2), (23, 39, 1), (30, 39, 1), (36, 39, 3)]
Queue 1: closed
Queue 2: closed
Queue 3: 1 [(16, 3, 1)]
Queue 4: 5 [(49, 4, 5)]
Queue 5: closed

Time 6
Waiting tasks: [(6, 7, 6), (18, 7, 4), (37, 8, 3), (31, 9, 2), (8, 11, 4), (25, 11, 2), (38, 11, 2), (14, 13, 3), (33, 14, 1), (7, 16, 2), (47, 16, 2), (22, 17, 6), (26, 17, 1), (28, 17, 5), (34, 17, 4), (35, 18, 2), (17, 21, 6), (24, 21, 4), (9, 22, 4), (15, 22, 2), (2, 23, 1), (45, 23, 5), (10, 24, 4), (27, 24, 1), (32, 25, 6), (43, 25, 5), (4, 26, 3), (11, 30, 5), (39, 31, 2), (41, 31, 4), (13, 32, 3), (1, 33, 2), (3, 33, 3), (12, 33, 3), (50, 33, 3), (48, 34, 5), (19, 35, 5), (42, 36, 5), (46, 37, 4), (40, 38, 1), (44, 38, 5), (21, 39, 2), (23, 39, 1), (30, 39, 1), (36, 39, 3)]
Queue 1: 3 [(29, 6, 3)]
Queue 2: closed
Queue 3: closed
Queue 4: 4 [(49, 4, 4)]
Queue 5: closed

Time 7
Waiting tasks: [(37, 8, 3), (31, 9, 2), (8, 11, 4), (25, 11, 2), (38, 11, 2), (14, 13, 3), (33, 14, 1), (7, 16, 2), (47, 16, 2), (22, 17, 6), (26, 17, 1), (28, 17, 5), (34, 17, 4), (35, 18, 2), (17, 21, 6), (24, 21, 4), (9, 22, 4), (15, 22, 2), (2, 23, 1), (45, 23, 5), (10, 24, 4), (27, 24, 1), (32, 25, 6), (43, 25, 5), (4, 26, 3), (11, 30, 5), (39, 31, 2), (41, 31, 4), (13, 32, 3), (1, 33, 2), (3, 33, 3), (12, 33, 3), (50, 33, 3), (48, 34, 5), (19, 35, 5), (42, 36, 5), (46, 37, 4), (40, 38, 1), (44, 38, 5), (21, 39, 2), (23, 39, 1), (30, 39, 1), (36, 39, 3)]
Queue 1: 2 [(29, 6, 2)]
Queue 2: 6 [(6, 7, 6)]
Queue 3: 4 [(18, 7, 4)]
Queue 4: 3 [(49, 4, 3)]
Queue 5: closed

Time 8
Waiting tasks: [(31, 9, 2), (8, 11, 4), (25, 11, 2), (38, 11, 2), (14, 13, 3), (33, 14, 1), (7, 16, 2), (47, 16, 2), (22, 17, 6), (26, 17, 1), (28, 17, 5), (34, 17, 4), (35, 18, 2), (17, 21, 6), (24, 21, 4), (9, 22, 4), (15, 22, 2), (2, 23, 1), (45, 23, 5), (10, 24, 4), (27, 24, 1), (32, 25, 6), (43, 25, 5), (4, 26, 3), (11, 30, 5), (39, 31, 2), (41, 31, 4), (13, 32, 3), (1, 33, 2), (3, 33, 3), (12, 33, 3), (50, 33, 3), (48, 34, 5), (19, 35, 5), (42, 36, 5), (46, 37, 4), (40, 38, 1), (44, 38, 5), (21, 39, 2), (23, 39, 1), (30, 39, 1), (36, 39, 3)]
Queue 1: 1 [(29, 6, 1)]
Queue 2: 5 [(6, 7, 5)]
Queue 3: 3 [(18, 7, 3)]
Queue 4: 2 [(49, 4, 2)]
Queue 5: 3 [(37, 8, 3)]

Time 9
Waiting tasks: [(8, 11, 4), (25, 11, 2), (38, 11, 2), (14, 13, 3), (33, 14, 1), (7, 16, 2), (47, 16, 2), (22, 17, 6), (26, 17, 1), (28, 17, 5), (34, 17, 4), (35, 18, 2), (17, 21, 6), (24, 21, 4), (9, 22, 4), (15, 22, 2), (2, 23, 1), (45, 23, 5), (10, 24, 4), (27, 24, 1), (32, 25, 6), (43, 25, 5), (4, 26, 3), (11, 30, 5), (39, 31, 2), (41, 31, 4), (13, 32, 3), (1, 33, 2), (3, 33, 3), (12, 33, 3), (50, 33, 3), (48, 34, 5), (19, 35, 5), (42, 36, 5), (46, 37, 4), (40, 38, 1), (44, 38, 5), (21, 39, 2), (23, 39, 1), (30, 39, 1), (36, 39, 3)]
Queue 1: 2 [(31, 9, 2)]
Queue 2: 4 [(6, 7, 4)]
Queue 3: 2 [(18, 7, 2)]
Queue 4: 1 [(49, 4, 1)]
Queue 5: 2 [(37, 8, 2)]

Time 10
Waiting tasks: [(8, 11, 4), (25, 11, 2), (38, 11, 2), (14, 13, 3), (33, 14, 1), (7, 16, 2), (47, 16, 2), (22, 17, 6), (26, 17, 1), (28, 17, 5), (34, 17, 4), (35, 18, 2), (17, 21, 6), (24, 21, 4), (9, 22, 4), (15, 22, 2), (2, 23, 1), (45, 23, 5), (10, 24, 4), (27, 24, 1), (32, 25, 6), (43, 25, 5), (4, 26, 3), (11, 30, 5), (39, 31, 2), (41, 31, 4), (13, 32, 3), (1, 33, 2), (3, 33, 3), (12, 33, 3), (50, 33, 3), (48, 34, 5), (19, 35, 5), (42, 36, 5), (46, 37, 4), (40, 38, 1), (44, 38, 5), (21, 39, 2), (23, 39, 1), (30, 39, 1), (36, 39, 3)]
Queue 1: 1 [(31, 9, 1)]
Queue 2: 3 [(6, 7, 3)]
Queue 3: 1 [(18, 7, 1)]
Queue 4: closed
Queue 5: 1 [(37, 8, 1)]

Time 11
Waiting tasks: [(14, 13, 3), (33, 14, 1), (7, 16, 2), (47, 16, 2), (22, 17, 6), (26, 17, 1), (28, 17, 5), (34, 17, 4), (35, 18, 2), (17, 21, 6), (24, 21, 4), (9, 22, 4), (15, 22, 2), (2, 23, 1), (45, 23, 5), (10, 24, 4), (27, 24, 1), (32, 25, 6), (43, 25, 5), (4, 26, 3), (11, 30, 5), (39, 31, 2), (41, 31, 4), (13, 32, 3), (1, 33, 2), (3, 33, 3), (12, 33, 3), (50, 33, 3), (48, 34, 5), (19, 35, 5), (42, 36, 5), (46, 37, 4), (40, 38, 1), (44, 38, 5), (21, 39, 2), (23, 39, 1), (30, 39, 1), (36, 39, 3)]
Queue 1: 4 [(8, 11, 4)]
Queue 2: 2 [(6, 7, 2)]
Queue 3: 2 [(25, 11, 2)]
Queue 4: 2 [(38, 11, 2)]
Queue 5: closed

Time 12
Waiting tasks: [(14, 13, 3), (33, 14, 1), (7, 16, 2), (47, 16, 2), (22, 17, 6), (26, 17, 1), (28, 17, 5), (34, 17, 4), (35, 18, 2), (17, 21, 6), (24, 21, 4), (9, 22, 4), (15, 22, 2), (2, 23, 1), (45, 23, 5), (10, 24, 4), (27, 24, 1), (32, 25, 6), (43, 25, 5), (4, 26, 3), (11, 30, 5), (39, 31, 2), (41, 31, 4), (13, 32, 3), (1, 33, 2), (3, 33, 3), (12, 33, 3), (50, 33, 3), (48, 34, 5), (19, 35, 5), (42, 36, 5), (46, 37, 4), (40, 38, 1), (44, 38, 5), (21, 39, 2), (23, 39, 1), (30, 39, 1), (36, 39, 3)]
Queue 1: 3 [(8, 11, 3)]
Queue 2: 1 [(6, 7, 1)]
Queue 3: 1 [(25, 11, 1)]
Queue 4: 1 [(38, 11, 1)]
Queue 5: closed

Time 13
Waiting tasks: [(33, 14, 1), (7, 16, 2), (47, 16, 2), (22, 17, 6), (26, 17, 1), (28, 17, 5), (34, 17, 4), (35, 18, 2), (17, 21, 6), (24, 21, 4), (9, 22, 4), (15, 22, 2), (2, 23, 1), (45, 23, 5), (10, 24, 4), (27, 24, 1), (32, 25, 6), (43, 25, 5), (4, 26, 3), (11, 30, 5), (39, 31, 2), (41, 31, 4), (13, 32, 3), (1, 33, 2), (3, 33, 3), (12, 33, 3), (50, 33, 3), (48, 34, 5), (19, 35, 5), (42, 36, 5), (46, 37, 4), (40, 38, 1), (44, 38, 5), (21, 39, 2), (23, 39, 1), (30, 39, 1), (36, 39, 3)]
Queue 1: 2 [(8, 11, 2)]
Queue 2: 3 [(14, 13, 3)]
Queue 3: closed
Queue 4: closed
Queue 5: closed

Time 14
Waiting tasks: [(7, 16, 2), (47, 16, 2), (22, 17, 6), (26, 17, 1), (28, 17, 5), (34, 17, 4), (35, 18, 2), (17, 21, 6), (24, 21, 4), (9, 22, 4), (15, 22, 2), (2, 23, 1), (45, 23, 5), (10, 24, 4), (27, 24, 1), (32, 25, 6), (43, 25, 5), (4, 26, 3), (11, 30, 5), (39, 31, 2), (41, 31, 4), (13, 32, 3), (1, 33, 2), (3, 33, 3), (12, 33, 3), (50, 33, 3), (48, 34, 5), (19, 35, 5), (42, 36, 5), (46, 37, 4), (40, 38, 1), (44, 38, 5), (21, 39, 2), (23, 39, 1), (30, 39, 1), (36, 39, 3)]
Queue 1: 1 [(8, 11, 1)]
Queue 2: 2 [(14, 13, 2)]
Queue 3: 1 [(33, 14, 1)]
Queue 4: closed
Queue 5: closed

Time 15
Waiting tasks: [(7, 16, 2), (47, 16, 2), (22, 17, 6), (26, 17, 1), (28, 17, 5), (34, 17, 4), (35, 18, 2), (17, 21, 6), (24, 21, 4), (9, 22, 4), (15, 22, 2), (2, 23, 1), (45, 23, 5), (10, 24, 4), (27, 24, 1), (32, 25, 6), (43, 25, 5), (4, 26, 3), (11, 30, 5), (39, 31, 2), (41, 31, 4), (13, 32, 3), (1, 33, 2), (3, 33, 3), (12, 33, 3), (50, 33, 3), (48, 34, 5), (19, 35, 5), (42, 36, 5), (46, 37, 4), (40, 38, 1), (44, 38, 5), (21, 39, 2), (23, 39, 1), (30, 39, 1), (36, 39, 3)]
Queue 1: closed
Queue 2: 1 [(14, 13, 1)]
Queue 3: closed
Queue 4: closed
Queue 5: closed

Time 16
Waiting tasks: [(22, 17, 6), (26, 17, 1), (28, 17, 5), (34, 17, 4), (35, 18, 2), (17, 21, 6), (24, 21, 4), (9, 22, 4), (15, 22, 2), (2, 23, 1), (45, 23, 5), (10, 24, 4), (27, 24, 1), (32, 25, 6), (43, 25, 5), (4, 26, 3), (11, 30, 5), (39, 31, 2), (41, 31, 4), (13, 32, 3), (1, 33, 2), (3, 33, 3), (12, 33, 3), (50, 33, 3), (48, 34, 5), (19, 35, 5), (42, 36, 5), (46, 37, 4), (40, 38, 1), (44, 38, 5), (21, 39, 2), (23, 39, 1), (30, 39, 1), (36, 39, 3)]
Queue 1: 2 [(7, 16, 2)]
Queue 2: 2 [(47, 16, 2)]
Queue 3: closed
Queue 4: closed
Queue 5: closed

Time 17
Waiting tasks: [(35, 18, 2), (17, 21, 6), (24, 21, 4), (9, 22, 4), (15, 22, 2), (2, 23, 1), (45, 23, 5), (10, 24, 4), (27, 24, 1), (32, 25, 6), (43, 25, 5), (4, 26, 3), (11, 30, 5), (39, 31, 2), (41, 31, 4), (13, 32, 3), (1, 33, 2), (3, 33, 3), (12, 33, 3), (50, 33, 3), (48, 34, 5), (19, 35, 5), (42, 36, 5), (46, 37, 4), (40, 38, 1), (44, 38, 5), (21, 39, 2), (23, 39, 1), (30, 39, 1), (36, 39, 3)]
Queue 1: 5 [(7, 16, 1), (34, 17, 4)]
Queue 2: 1 [(47, 16, 1)]
Queue 3: 6 [(22, 17, 6)]
Queue 4: 1 [(26, 17, 1)]
Queue 5: 5 [(28, 17, 5)]

Time 18
Waiting tasks: [(17, 21, 6), (24, 21, 4), (9, 22, 4), (15, 22, 2), (2, 23, 1), (45, 23, 5), (10, 24, 4), (27, 24, 1), (32, 25, 6), (43, 25, 5), (4, 26, 3), (11, 30, 5), (39, 31, 2), (41, 31, 4), (13, 32, 3), (1, 33, 2), (3, 33, 3), (12, 33, 3), (50, 33, 3), (48, 34, 5), (19, 35, 5), (42, 36, 5), (46, 37, 4), (40, 38, 1), (44, 38, 5), (21, 39, 2), (23, 39, 1), (30, 39, 1), (36, 39, 3)]
Queue 1: 4 [(34, 17, 4)]
Queue 2: 2 [(35, 18, 2)]
Queue 3: 5 [(22, 17, 5)]
Queue 4: closed
Queue 5: 4 [(28, 17, 4)]

Time 19
Waiting tasks: [(17, 21, 6), (24, 21, 4), (9, 22, 4), (15, 22, 2), (2, 23, 1), (45, 23, 5), (10, 24, 4), (27, 24, 1), (32, 25, 6), (43, 25, 5), (4, 26, 3), (11, 30, 5), (39, 31, 2), (41, 31, 4), (13, 32, 3), (1, 33, 2), (3, 33, 3), (12, 33, 3), (50, 33, 3), (48, 34, 5), (19, 35, 5), (42, 36, 5), (46, 37, 4), (40, 38, 1), (44, 38, 5), (21, 39, 2), (23, 39, 1), (30, 39, 1), (36, 39, 3)]
Queue 1: 3 [(34, 17, 3)]
Queue 2: 1 [(35, 18, 1)]
Queue 3: 4 [(22, 17, 4)]
Queue 4: closed
Queue 5: 3 [(28, 17, 3)]

Time 20
Waiting tasks: [(17, 21, 6), (24, 21, 4), (9, 22, 4), (15, 22, 2), (2, 23, 1), (45, 23, 5), (10, 24, 4), (27, 24, 1), (32, 25, 6), (43, 25, 5), (4, 26, 3), (11, 30, 5), (39, 31, 2), (41, 31, 4), (13, 32, 3), (1, 33, 2), (3, 33, 3), (12, 33, 3), (50, 33, 3), (48, 34, 5), (19, 35, 5), (42, 36, 5), (46, 37, 4), (40, 38, 1), (44, 38, 5), (21, 39, 2), (23, 39, 1), (30, 39, 1), (36, 39, 3)]
Queue 1: 2 [(34, 17, 2)]
Queue 2: closed
Queue 3: 3 [(22, 17, 3)]
Queue 4: closed
Queue 5: 2 [(28, 17, 2)]

Time 21
Waiting tasks: [(9, 22, 4), (15, 22, 2), (2, 23, 1), (45, 23, 5), (10, 24, 4), (27, 24, 1), (32, 25, 6), (43, 25, 5), (4, 26, 3), (11, 30, 5), (39, 31, 2), (41, 31, 4), (13, 32, 3), (1, 33, 2), (3, 33, 3), (12, 33, 3), (50, 33, 3), (48, 34, 5), (19, 35, 5), (42, 36, 5), (46, 37, 4), (40, 38, 1), (44, 38, 5), (21, 39, 2), (23, 39, 1), (30, 39, 1), (36, 39, 3)]
Queue 1: 1 [(34, 17, 1)]
Queue 2: 6 [(17, 21, 6)]
Queue 3: 2 [(22, 17, 2)]
Queue 4: 4 [(24, 21, 4)]
Queue 5: 1 [(28, 17, 1)]

Time 22
Waiting tasks: [(2, 23, 1), (45, 23, 5), (10, 24, 4), (27, 24, 1), (32, 25, 6), (43, 25, 5), (4, 26, 3), (11, 30, 5), (39, 31, 2), (41, 31, 4), (13, 32, 3), (1, 33, 2), (3, 33, 3), (12, 33, 3), (50, 33, 3), (48, 34, 5), (19, 35, 5), (42, 36, 5), (46, 37, 4), (40, 38, 1), (44, 38, 5), (21, 39, 2), (23, 39, 1), (30, 39, 1), (36, 39, 3)]
Queue 1: 4 [(9, 22, 4)]
Queue 2: 5 [(17, 21, 5)]
Queue 3: 1 [(22, 17, 1)]
Queue 4: 3 [(24, 21, 3)]
Queue 5: 2 [(15, 22, 2)]

Time 23
Waiting tasks: [(10, 24, 4), (27, 24, 1), (32, 25, 6), (43, 25, 5), (4, 26, 3), (11, 30, 5), (39, 31, 2), (41, 31, 4), (13, 32, 3), (1, 33, 2), (3, 33, 3), (12, 33, 3), (50, 33, 3), (48, 34, 5), (19, 35, 5), (42, 36, 5), (46, 37, 4), (40, 38, 1), (44, 38, 5), (21, 39, 2), (23, 39, 1), (30, 39, 1), (36, 39, 3)]
Queue 1: 3 [(9, 22, 3)]
Queue 2: 4 [(17, 21, 4)]
Queue 3: 6 [(2, 23, 1), (45, 23, 5)]
Queue 4: 2 [(24, 21, 2)]
Queue 5: 1 [(15, 22, 1)]

Time 24
Waiting tasks: [(32, 25, 6), (43, 25, 5), (4, 26, 3), (11, 30, 5), (39, 31, 2), (41, 31, 4), (13, 32, 3), (1, 33, 2), (3, 33, 3), (12, 33, 3), (50, 33, 3), (48, 34, 5), (19, 35, 5), (42, 36, 5), (46, 37, 4), (40, 38, 1), (44, 38, 5), (21, 39, 2), (23, 39, 1), (30, 39, 1), (36, 39, 3)]
Queue 1: 2 [(9, 22, 2)]
Queue 2: 3 [(17, 21, 3)]
Queue 3: 5 [(45, 23, 5)]
Queue 4: 2 [(24, 21, 1), (27, 24, 1)]
Queue 5: 4 [(10, 24, 4)]

Time 25
Waiting tasks: [(4, 26, 3), (11, 30, 5), (39, 31, 2), (41, 31, 4), (13, 32, 3), (1, 33, 2), (3, 33, 3), (12, 33, 3), (50, 33, 3), (48, 34, 5), (19, 35, 5), (42, 36, 5), (46, 37, 4), (40, 38, 1), (44, 38, 5), (21, 39, 2), (23, 39, 1), (30, 39, 1), (36, 39, 3)]
Queue 1: 7 [(9, 22, 1), (32, 25, 6)]
Queue 2: 2 [(17, 21, 2)]
Queue 3: 4 [(45, 23, 4)]
Queue 4: 6 [(27, 24, 1), (43, 25, 5)]
Queue 5: 3 [(10, 24, 3)]

Time 26
Waiting tasks: [(11, 30, 5), (39, 31, 2), (41, 31, 4), (13, 32, 3), (1, 33, 2), (3, 33, 3), (12, 33, 3), (50, 33, 3), (48, 34, 5), (19, 35, 5), (42, 36, 5), (46, 37, 4), (40, 38, 1), (44, 38, 5), (21, 39, 2), (23, 39, 1), (30, 39, 1), (36, 39, 3)]
Queue 1: 6 [(32, 25, 6)]
Queue 2: 4 [(17, 21, 1), (4, 26, 3)]
Queue 3: 3 [(45, 23, 3)]
Queue 4: 5 [(43, 25, 5)]
Queue 5: 2 [(10, 24, 2)]

Time 27
Waiting tasks: [(11, 30, 5), (39, 31, 2), (41, 31, 4), (13, 32, 3), (1, 33, 2), (3, 33, 3), (12, 33, 3), (50, 33, 3), (48, 34, 5), (19, 35, 5), (42, 36, 5), (46, 37, 4), (40, 38, 1), (44, 38, 5), (21, 39, 2), (23, 39, 1), (30, 39, 1), (36, 39, 3)]
Queue 1: 5 [(32, 25, 5)]
Queue 2: 3 [(4, 26, 3)]
Queue 3: 2 [(45, 23, 2)]
Queue 4: 4 [(43, 25, 4)]
Queue 5: 1 [(10, 24, 1)]

Time 28
Waiting tasks: [(11, 30, 5), (39, 31, 2), (41, 31, 4), (13, 32, 3), (1, 33, 2), (3, 33, 3), (12, 33, 3), (50, 33, 3), (48, 34, 5), (19, 35, 5), (42, 36, 5), (46, 37, 4), (40, 38, 1), (44, 38, 5), (21, 39, 2), (23, 39, 1), (30, 39, 1), (36, 39, 3)]
Queue 1: 4 [(32, 25, 4)]
Queue 2: 2 [(4, 26, 2)]
Queue 3: 1 [(45, 23, 1)]
Queue 4: 3 [(43, 25, 3)]
Queue 5: closed

Time 29
Waiting tasks: [(11, 30, 5), (39, 31, 2), (41, 31, 4), (13, 32, 3), (1, 33, 2), (3, 33, 3), (12, 33, 3), (50, 33, 3), (48, 34, 5), (19, 35, 5), (42, 36, 5), (46, 37, 4), (40, 38, 1), (44, 38, 5), (21, 39, 2), (23, 39, 1), (30, 39, 1), (36, 39, 3)]
Queue 1: 3 [(32, 25, 3)]
Queue 2: 1 [(4, 26, 1)]
Queue 3: closed
Queue 4: 2 [(43, 25, 2)]
Queue 5: closed

Time 30
Waiting tasks: [(39, 31, 2), (41, 31, 4), (13, 32, 3), (1, 33, 2), (3, 33, 3), (12, 33, 3), (50, 33, 3), (48, 34, 5), (19, 35, 5), (42, 36, 5), (46, 37, 4), (40, 38, 1), (44, 38, 5), (21, 39, 2), (23, 39, 1), (30, 39, 1), (36, 39, 3)]
Queue 1: 2 [(32, 25, 2)]
Queue 2: 5 [(11, 30, 5)]
Queue 3: closed
Queue 4: 1 [(43, 25, 1)]
Queue 5: closed

Time 31
Waiting tasks: [(13, 32, 3), (1, 33, 2), (3, 33, 3), (12, 33, 3), (50, 33, 3), (48, 34, 5), (19, 35, 5), (42, 36, 5), (46, 37, 4), (40, 38, 1), (44, 38, 5), (21, 39, 2), (23, 39, 1), (30, 39, 1), (36, 39, 3)]
Queue 1: 1 [(32, 25, 1)]
Queue 2: 4 [(11, 30, 4)]
Queue 3: 2 [(39, 31, 2)]
Queue 4: 4 [(41, 31, 4)]
Queue 5: closed

Time 32
Waiting tasks: [(1, 33, 2), (3, 33, 3), (12, 33, 3), (50, 33, 3), (48, 34, 5), (19, 35, 5), (42, 36, 5), (46, 37, 4), (40, 38, 1), (44, 38, 5), (21, 39, 2), (23, 39, 1), (30, 39, 1), (36, 39, 3)]
Queue 1: 3 [(13, 32, 3)]
Queue 2: 3 [(11, 30, 3)]
Queue 3: 1 [(39, 31, 1)]
Queue 4: 3 [(41, 31, 3)]
Queue 5: closed

Time 33
Waiting tasks: [(48, 34, 5), (19, 35, 5), (42, 36, 5), (46, 37, 4), (40, 38, 1), (44, 38, 5), (21, 39, 2), (23, 39, 1), (30, 39, 1), (36, 39, 3)]
Queue 1: 5 [(13, 32, 2), (12, 33, 3)]
Queue 2: 5 [(11, 30, 2), (50, 33, 3)]
Queue 3: 2 [(1, 33, 2)]
Queue 4: 2 [(41, 31, 2)]
Queue 5: 3 [(3, 33, 3)]

Time 34
Waiting tasks: [(19, 35, 5), (42, 36, 5), (46, 37, 4), (40, 38, 1), (44, 38, 5), (21, 39, 2), (23, 39, 1), (30, 39, 1), (36, 39, 3)]
Queue 1: 4 [(13, 32, 1), (12, 33, 3)]
Queue 2: 4 [(11, 30, 1), (50, 33, 3)]
Queue 3: 6 [(1, 33, 1), (48, 34, 5)]
Queue 4: 1 [(41, 31, 1)]
Queue 5: 2 [(3, 33, 2)]

Time 35
Waiting tasks: [(42, 36, 5), (46, 37, 4), (40, 38, 1), (44, 38, 5), (21, 39, 2), (23, 39, 1), (30, 39, 1), (36, 39, 3)]
Queue 1: 3 [(12, 33, 3)]
Queue 2: 3 [(50, 33, 3)]
Queue 3: 5 [(48, 34, 5)]
Queue 4: 5 [(19, 35, 5)]
Queue 5: 1 [(3, 33, 1)]

Time 36
Waiting tasks: [(46, 37, 4), (40, 38, 1), (44, 38, 5), (21, 39, 2), (23, 39, 1), (30, 39, 1), (36, 39, 3)]
Queue 1: 2 [(12, 33, 2)]
Queue 2: 2 [(50, 33, 2)]
Queue 3: 4 [(48, 34, 4)]
Queue 4: 4 [(19, 35, 4)]
Queue 5: 5 [(42, 36, 5)]

Time 37
Waiting tasks: [(40, 38, 1), (44, 38, 5), (21, 39, 2), (23, 39, 1), (30, 39, 1), (36, 39, 3)]
Queue 1: 5 [(12, 33, 1), (46, 37, 4)]
Queue 2: 1 [(50, 33, 1)]
Queue 3: 3 [(48, 34, 3)]
Queue 4: 3 [(19, 35, 3)]
Queue 5: 4 [(42, 36, 4)]

Time 38
Waiting tasks: [(21, 39, 2), (23, 39, 1), (30, 39, 1), (36, 39, 3)]
Queue 1: 4 [(46, 37, 4)]
Queue 2: 6 [(40, 38, 1), (44, 38, 5)]
Queue 3: 2 [(48, 34, 2)]
Queue 4: 2 [(19, 35, 2)]
Queue 5: 3 [(42, 36, 3)]

Time 39
Waiting tasks: closed
Queue 1: 3 [(46, 37, 3)]
Queue 2: 5 [(44, 38, 5)]
Queue 3: 3 [(48, 34, 1), (21, 39, 2)]
Queue 4: 3 [(19, 35, 1), (23, 39, 1), (30, 39, 1)]
Queue 5: 5 [(42, 36, 2), (36, 39, 3)]

Time 40
Waiting tasks: closed
Queue 1: 2 [(46, 37, 2)]
Queue 2: 4 [(44, 38, 4)]
Queue 3: 2 [(21, 39, 2)]
Queue 4: 2 [(23, 39, 1), (30, 39, 1)]
Queue 5: 4 [(42, 36, 1), (36, 39, 3)]

Time 41
Waiting tasks: closed
Queue 1: 1 [(46, 37, 1)]
Queue 2: 3 [(44, 38, 3)]
Queue 3: 1 [(21, 39, 1)]
Queue 4: 1 [(30, 39, 1)]
Queue 5: 3 [(36, 39, 3)]

Time 42
Waiting tasks: closed
Queue 1: closed
Queue 2: 2 [(44, 38, 2)]
Queue 3: closed
Queue 4: closed
Queue 5: 2 [(36, 39, 2)]

Time 43
Waiting tasks: closed
Queue 1: closed
Queue 2: 1 [(44, 38, 1)]
Queue 3: closed
Queue 4: closed
Queue 5: 1 [(36, 39, 1)]

Time 44
Waiting tasks: closed
Queue 1: closed
Queue 2: closed
Queue 3: closed
Queue 4: closed
Queue 5: closed

Average waiting time: 3.62
Average service time: 3.3
Peek hour: 40